R = 10:2000:10000;
C = 0.00001;
R = R';
