R = 10:5000:30000;
C = 0.00001;
R = R';
